1089702115
1120350047
1129162150
1134328086
1268460398
1403625644
1533488273
1546472902
1828698678
1890585845
1890968537
2076082177
2223730547
2224100236
2237370007
2457539508
2502392793
2522150578
2540481901
2570248689
2651295669
2675364294
2681264792
2797345490
2811910042
2812500527
2860565319
2964100856
3003011737
3021911243
3131764957
3148224554
3189310815
3318403866
3360333618
3365131670
3393722501
3419679793
3519585027
783334688
855787646
865477344
883959994
897347504
902989308
2067939514
2118129539
2609314607
2852314079
